0.00534255
-0.026113
-0.00875705
-0.0138919
0.0153097
0.0152142
0.0031888
-0.0102778
0.000717123
-0.0147613
-0.00629321
-0.0189419
0.0029423
-0.00789748
-0.00631018
0.0100111
-0.0179361
-0.00949049
-0.01542
-0.0267935
-0.00947564
-0.00798063
-0.0196149
0.00730023
0.00298913
0.0125167
-0.01603
-0.0358372
0.00936407
-0.0192331
-0.00787694
0.00136046
-0.00261091
0.0058165
-0.0033601
0.00477112
-0.00633822
-0.0136314
-0.0103821
0.00382507
-0.0057696
-0.00376846
-0.00659282
0.00850517
-0.00864964
0.00554018
0.00685449
-0.00294211
0.0074081
-0.00748887