-0.0144743 0.0206852 0.0113557 0.015104 0.00831668
-0.00364744 -0.00746468 -0.0132315 -0.0541737 0.0123333
-0.00325298 0.0654249 -0.0586494 0.043706 -0.0638875
0.0666759 -0.0227761 -0.0282959 0.0201584 -0.0576195
-0.0227843 0.0361692 0.0325152 -0.0584338 -0.00586073


0.0667906 -0.0286466 -0.0320305 0.00912237 0.0797024
-0.0625357 0.0245753 0.0661766 0.0306965 -0.00086119
0.0198268 -0.0289959 0.0259786 0.00558754 0.0546982
0.0284954 -0.0392048 -0.0855549 -0.0781506 0.0351805
-0.0159001 0.0322699 -0.0126654 -0.0435684 0.00274743


0.0298121 0.041183 -0.0181143 -0.0197798 0.071434
0.0696555 0.026535 0.0451409 0.0164628 0.0497884
0.072494 -0.0449538 0.0369519 -0.0686678 0.0434769
0.0468658 0.0268894 0.0154232 -0.0740596 -0.01947
0.00453321 -0.0297378 -0.0614783 -0.0378496 0.0552641


-0.030355 -0.0183567 -0.0669917 -0.0313945 0.0652254
0.0234202 -0.0127807 -0.0574133 -0.0234467 -0.00965951
0.00463673 0.0495503 -0.0674355 0.0658737 0.0305661
-0.0582626 -0.034974 -0.0188968 -0.0667647 -0.0715212
0.0682846 0.0541134 -0.0132702 0.0427828 -0.0216996


-0.0736986 0.0315721 0.0473347 0.00152952 -0.00397608
0.00634973 0.0336101 0.0506769 0.0494193 0.0509229
0.027519 -0.0525593 -0.00481647 0.0166321 -0.0465543
-0.0635976 0.0368496 -0.0310061 0.0700648 -0.0248655
0.000689885 0.00828734 0.0175663 -0.0393308 -0.0257498


-0.019099 -0.0223976 0.0590305 0.0146544 0.0649678
0.0277084 0.00147472 -0.0148497 -0.0569375 -0.0592555
0.0283657 -0.0086955 0.0706028 -0.0403707 -0.000521749
0.0723179 -0.051595 0.0684626 0.0330123 0.0740396
0.0141259 0.0335188 -0.0492455 0.0136497 -0.0512329


0.0454905 0.032693 -0.00287251 0.0172892 0.0381175
-0.0557996 0.0413323 -0.0169396 -0.00210043 -0.0562288
0.0501205 -0.00817255 0.0684987 0.0176462 -0.0428041
-0.00446991 0.0228028 0.0318474 -0.00994619 -0.000468304
-0.0608906 0.0532304 -0.0218268 -0.0290164 0.0640378


-0.00786581 0.0225152 0.067884 0.0407073 -0.0629736
-0.087526 0.0314348 0.00772953 0.00740036 0.0525883
-0.0222676 -0.0631743 0.0552491 0.0482383 0.0511044
0.000330564 -0.041861 0.0531148 0.00327113 -0.0579336
0.0129884 -0.0433435 -0.0166964 0.032664 0.0497536


-0.0467899 -0.0645906 -0.0444357 -0.066124 0.079907
-0.0417983 0.0207584 -0.030889 0.0303302 -0.0478109
-0.0346246 -0.0425302 -0.0208292 0.0524243 0.0852186
0.0101425 -0.00733106 0.00241641 -0.0307509 -0.0449826
-0.0422565 0.0136111 -0.0496282 -0.0236187 -0.0501868


-0.0601356 0.00341712 0.0293236 -0.0050722 0.0852095
-0.0702364 0.0185394 0.0288907 -0.0072064 0.082498
-0.0638571 -0.021424 -0.0765275 0.0341739 0.00272774
-0.0105042 -0.0125193 -0.0261838 0.00970951 0.0362103
-0.00747092 0.0358458 -0.0162228 0.048678 0.0394273


0.0365829 -0.00328042 0.0420973 -0.03673 -0.0574639
-0.00439995 0.0550334 -0.0577402 0.0140656 -0.0610177
-0.00797674 0.0461086 -0.0101133 -0.0606318 -0.0722733
-0.0177424 0.0630731 0.00555166 0.0429704 0.0259916
-0.0761281 -0.0461978 -0.0409025 0.0317625 -0.0542025


-0.0599688 -0.045212 -0.0144783 0.062038 0.0576522
-0.0281401 0.0476473 -0.0530476 0.0627564 0.0681749
-0.0767885 0.0169697 0.0427988 -0.0136736 -0.038323
-0.0419491 -0.0254398 0.0452825 0.0314076 0.0629147
-0.0285769 0.032767 0.075067 0.0419284 0.0673134


0.0604162 0.0372334 -0.0250647 0.0374152 -0.019918
0.00658749 -0.0739583 -0.0567618 -0.00162241 -0.0165718
-0.0562261 0.0124111 0.0115964 0.0451489 -0.00668535
0.0580527 0.0593229 -0.0263398 -0.0205338 -0.0121705
-0.0154771 0.0335283 0.0585082 -0.0239961 0.0516887


0.0554689 0.0633625 0.0686605 -0.0672751 0.0485069
0.0400028 0.0307496 -0.0443778 -0.00972583 -0.0378313
-0.0744713 -0.00699335 -0.0199795 -0.0337928 0.0356815
0.0424032 -0.0566999 0.0504086 -0.00230976 -0.038348
0.00822499 -0.0545617 -0.0284738 -0.00628364 0.0446876


0.0342288 0.0412334 -0.0201276 0.0675513 0.0331585
-0.0468759 0.0319787 -0.013979 0.0556506 0.00623991
0.0206538 -0.037023 -0.0346697 -0.0327153 0.0265666
0.0267102 -0.0411931 -0.0409129 0.041315 -0.0306755
0.0842899 -0.00623415 -0.0594061 0.0381425 -0.0320794


-0.0613784 -0.0740605 -0.0627594 -0.0425417 0.0436802
-0.0462335 -0.0109875 0.0690544 0.0102197 -0.056215
-0.0523616 0.0631824 -0.0567625 0.0346454 -0.0436606
-0.0158264 -0.0378473 0.0678593 0.00978628 -0.0378255
-0.067784 -0.0503683 0.0497532 0.0761459 -0.00292621


0.0317052 0.0322467 -0.0101268 -0.0526195 -0.000220087
-0.0337323 0.0160546 -0.0647036 -0.0594699 -0.0150631
0.0148781 -0.0705374 -0.0229728 0.0191661 0.0292375
0.0584467 0.0479064 -0.0327519 -0.0257088 0.0277822
-0.0362456 0.0779017 -0.0539878 0.0372527 0.0494412


-0.0193201 -0.00492581 0.0366795 -0.0600139 -0.0535995
0.0533817 0.0589636 -0.00601925 -0.012973 -0.0668616
-0.0367674 0.0465192 -0.0352604 -0.0488598 -0.000590849
0.00970388 -0.0579457 0.0289699 0.0305662 0.00613388
-0.0252142 -0.0549096 0.0210483 -0.0131997 0.000565508


0.045892 0.00880522 0.00741233 -0.0752649 -0.051351
-0.0415172 0.0140296 0.0739354 0.0351518 -0.0416649
-0.0170139 0.0341319 0.0232455 -0.0519517 0.0186937
-0.0187098 0.00812338 0.00230479 0.0025406 -0.0674839
-0.0159656 0.0615827 -0.0305959 0.0642429 0.0712758


-0.0255761 0.0568575 -0.00105798 -0.0553765 0.0510586
-0.0121743 0.0592491 -0.071718 0.001842 0.00536287
-0.0562972 -0.0184956 -0.0346224 -0.0501633 0.0405283
0.0680922 0.0625873 0.0154754 0.0489177 0.002602
0.01991 0.00659571 0.0267879 0.0508757 0.0322085