0.658607 0.661712 0.713873 0.69212 0.627494
0.658084 0.665416 0.682128 0.699905 0.606228
0.656297 0.677752 0.696471 0.699486 0.646441
0.68342 0.808238 0.850209 0.715376 0.645803
0.735353 1.02882 0.938863 0.665476 0.64545


-0.521479 -0.526062 -0.48315 -0.4799 -0.504656
-0.526513 -0.505119 -0.471222 -0.392698 -0.432465
-0.534216 -0.516306 -0.488702 -0.488091 -0.50625
-0.526755 -0.469774 -0.431641 -0.367933 -0.404035
-0.321847 0.433657 0.807469 0.828147 0.704664


0.532937 0.514083 0.537044 0.469678 0.423741
0.534104 0.528199 0.512092 0.518943 0.478014
0.513402 0.523239 0.501865 0.497823 0.592979
0.514417 0.49742 0.504909 0.621208 0.665748
0.540754 0.276005 0.670508 0.956022 0.931395


0.443628 0.421366 0.453349 0.470247 0.487674
0.421323 0.428704 0.438836 0.482705 0.439583
0.429008 0.425169 0.484979 0.461024 0.450453
0.425019 0.449671 0.600576 0.685592 0.820619
0.421096 0.662979 1.13566 1.10672 0.819913


-0.63953 -0.656532 -0.639979 -0.655627 -0.656653
-0.632341 -0.641548 -0.657068 -0.651817 -0.577995
-0.64363 -0.641969 -0.631483 -0.655356 -0.549035
-0.637577 -0.633803 -0.626416 -0.663649 -0.495841
-0.608247 -0.560759 -0.532339 -0.651308 -0.614218


0.500902 0.507494 0.487175 0.480449 0.470589
0.497634 0.496826 0.495627 0.482275 0.534573
0.507818 0.498833 0.48461 0.500694 0.511458
0.52101 0.49317 0.470555 0.528687 0.52329
0.496914 0.342073 -0.00900104 0.197155 0.598359


0.336168 0.322474 0.353605 0.339019 0.285702
0.322764 0.320432 0.314603 0.327011 0.305338
0.321211 0.324161 0.33713 0.293759 0.353814
0.331865 0.338543 0.453864 0.404513 0.410136
0.338066 0.344486 0.562629 0.282391 0.131675


-1.31366 -1.31681 -1.35224 -1.36186 -1.22565
-1.30092 -1.32983 -1.32259 -1.2404 -1.16692
-1.30172 -1.3335 -1.33627 -1.21828 -1.12266
-1.32286 -1.32808 -1.28366 -1.26453 -1.18829
-1.32349 -1.73397 -1.60802 -1.06565 -1.15104


-1.02969 -1.03673 -1.04634 -0.942744 -0.886497
-1.02577 -1.04168 -1.007 -0.961513 -0.847246
-1.02784 -1.01228 -1.01477 -0.962409 -0.893448
-1.02105 -0.858993 -0.770874 -0.916834 -0.930914
-0.884592 -0.713994 -0.690593 -0.979596 -0.895353


-2.33254 -2.34265 -2.33864 -2.26603 -2.11769
-2.34666 -2.36302 -2.32899 -2.28393 -2.08896
-2.34913 -2.33072 -2.26117 -2.17338 -2.21302
-2.3737 -2.30728 -2.22403 -2.20892 -2.14373
-2.29078 -1.98819 -1.59683 -1.49346 -1.42194


0.739206 0.738094 0.720772 0.73635 0.732047
0.737082 0.727625 0.735628 0.675932 0.766481
0.753679 0.74032 0.723468 0.728755 0.799317
0.759838 0.729117 0.738833 0.733816 0.769528
0.809959 0.636462 0.150111 0.226247 0.467566


-0.0970802 -0.0900244 -0.0869611 -0.0592875 -0.0795755
-0.0913571 -0.0924183 -0.0910155 -0.0638127 -0.0835028
-0.0979711 -0.0887065 -0.0658018 -0.0793567 -0.0150897
-0.0871734 0.0017457 0.115465 0.319725 0.312564
-0.0119877 0.0338959 0.170805 0.262547 0.249499


0.0692426 0.0660017 0.0596482 0.0434571 -0.00890422
0.0581561 0.0575342 0.0655415 0.041086 0.0850226
0.0516515 0.0595708 0.0408696 0.0529354 0.043745
0.0621293 0.0732463 0.0814888 0.147202 0.182437
0.0540209 0.0323413 0.344608 0.800429 0.912439


0.500886 0.506079 0.512407 0.462971 0.436841
0.504276 0.51086 0.494819 0.470811 0.483082
0.487531 0.49788 0.485873 0.45933 0.468921
0.506585 0.490773 0.490463 0.464432 0.517621
0.516905 0.474829 0.49401 0.4432 0.417328


0.689485 0.692253 0.710839 0.681436 0.708293
0.675344 0.682703 0.698916 0.731048 0.684241
0.673008 0.675068 0.680568 0.696238 0.563951
0.68773 0.698374 0.71366 0.694748 0.713501
0.690882 0.980677 1.03654 1.13938 1.23525


0.231715 0.238029 0.251465 0.234552 0.304315
0.236492 0.218251 0.229833 0.225356 0.28324
0.244434 0.226571 0.229868 0.320342 0.29901
0.251985 0.217358 0.245604 0.246727 0.324568
0.224707 -0.00331429 -0.171764 0.192054 0.313303


0.15124 0.151222 0.171512 0.154016 0.128151
0.150463 0.153956 0.158673 0.182322 0.121769
0.145354 0.145626 0.143755 0.124856 0.163143
0.152834 0.140472 0.195109 0.4005 0.452456
0.172741 0.201049 0.398019 0.602593 0.419713


-0.322549 -0.319339 -0.341748 -0.361888 -0.330812
-0.325445 -0.327139 -0.353281 -0.353773 -0.33315
-0.321891 -0.332171 -0.349275 -0.254534 -0.26243
-0.322528 -0.38328 -0.26661 0.0398023 0.0879007
-0.32102 -0.58516 -0.342013 0.0580625 -0.128811


-0.0103941 -0.00463924 -0.00857723 -0.00238577 0.0285616
-0.0158567 -0.015076 -0.0227401 -0.0365808 0.00934727
-0.00263847 -0.00692007 -0.0213141 0.0259004 0.126074
0.0155243 0.00441145 0.0778572 0.092613 0.102757
0.0144866 0.0134589 -0.193893 -0.18779 0.108773


-0.555668 -0.515711 -0.51433 -0.402658 -0.255623
-0.529245 -0.548879 -0.476244 -0.456825 -0.370727
-0.526939 -0.519715 -0.482628 -0.370397 -0.453932
-0.542414 -0.457163 -0.393114 -0.427472 -0.399323
-0.562022 -0.481261 -0.462637 -0.559734 -0.587326